159
17: mpfi,2bbl,mfi,1bbl,idi,spdi
-------

2: audi,bmw,chevrolet,dodge,honda,jaguar,mazda,mercedes-benz,mitsubishi,nissan,peugot,plymouth,porsche,saab,subaru,toyota,volkswagen,volvo
-------

3: gas,diesel
-------

4: std,turbo
-------

5: four,two
-------

6: sedan,hatchback,wagon,hardtop,convertible
-------

7: fwd,4wd,rwd
-------

8: front
-------

14: ohc,l,dohc,ohcv,ohcf
-------

15: four,five,six,three,eight
-------

[  2.00000000e+00   1.64000000e+02   0.00000000e+00   0.00000000e+00
   0.00000000e+00   0.00000000e+00   0.00000000e+00   0.00000000e+00
   0.00000000e+00   9.98000000e+01   1.76600000e+02   6.62000000e+01
   5.43000000e+01   2.33700000e+03   0.00000000e+00   0.00000000e+00
   1.09000000e+02   0.00000000e+00   3.19000000e+00   3.40000000e+00
   1.00000000e+01   1.02000000e+02   5.50000000e+03   2.40000000e+01
   0.00000000e+00]
[  2.00000000e+00   1.64000000e+02   0.00000000e+00   0.00000000e+00
   0.00000000e+00   0.00000000e+00   0.00000000e+00   1.00000000e+00
   0.00000000e+00   9.94000000e+01   1.76600000e+02   6.64000000e+01
   5.43000000e+01   2.82400000e+03   0.00000000e+00   1.00000000e+00
   1.36000000e+02   0.00000000e+00   3.19000000e+00   3.40000000e+00
   8.00000000e+00   1.15000000e+02   5.50000000e+03   1.80000000e+01
   0.00000000e+00]
[  1.00000000e+00   1.58000000e+02   0.00000000e+00   0.00000000e+00
   0.00000000e+00   0.00000000e+00   0.00000000e+00   0.00000000e+00
   0.00000000e+00   1.05800000e+02   1.92700000e+02   7.14000000e+01
   5.57000000e+01   2.84400000e+03   0.00000000e+00   1.00000000e+00
   1.36000000e+02   0.00000000e+00   3.19000000e+00   3.40000000e+00
   8.50000000e+00   1.10000000e+02   5.50000000e+03   1.90000000e+01
   0.00000000e+00]
[  1.00000000e+00   1.58000000e+02   0.00000000e+00   0.00000000e+00
   1.00000000e+00   0.00000000e+00   0.00000000e+00   0.00000000e+00
   0.00000000e+00   1.05800000e+02   1.92700000e+02   7.14000000e+01
   5.59000000e+01   3.08600000e+03   0.00000000e+00   1.00000000e+00
   1.31000000e+02   0.00000000e+00   3.13000000e+00   3.40000000e+00
   8.30000000e+00   1.40000000e+02   5.50000000e+03   1.70000000e+01
   0.00000000e+00]
[  2.00000000e+00   1.92000000e+02   1.00000000e+00   0.00000000e+00
   0.00000000e+00   1.00000000e+00   0.00000000e+00   2.00000000e+00
   0.00000000e+00   1.01200000e+02   1.76800000e+02   6.48000000e+01
   5.43000000e+01   2.39500000e+03   0.00000000e+00   0.00000000e+00
   1.08000000e+02   0.00000000e+00   3.50000000e+00   2.80000000e+00
   8.80000000e+00   1.01000000e+02   5.80000000e+03   2.30000000e+01
   0.00000000e+00]
[  0.00000000e+00   1.92000000e+02   1.00000000e+00   0.00000000e+00
   0.00000000e+00   0.00000000e+00   0.00000000e+00   2.00000000e+00
   0.00000000e+00   1.01200000e+02   1.76800000e+02   6.48000000e+01
   5.43000000e+01   2.39500000e+03   0.00000000e+00   0.00000000e+00
   1.08000000e+02   0.00000000e+00   3.50000000e+00   2.80000000e+00
   8.80000000e+00   1.01000000e+02   5.80000000e+03   2.30000000e+01
   0.00000000e+00]
[  0.00000000e+00   1.88000000e+02   1.00000000e+00   0.00000000e+00
   0.00000000e+00   1.00000000e+00   0.00000000e+00   2.00000000e+00
   0.00000000e+00   1.01200000e+02   1.76800000e+02   6.48000000e+01
   5.43000000e+01   2.71000000e+03   0.00000000e+00   2.00000000e+00
   1.64000000e+02   0.00000000e+00   3.31000000e+00   3.19000000e+00
   9.00000000e+00   1.21000000e+02   4.25000000e+03   2.10000000e+01
   0.00000000e+00]
[  0.00000000e+00   1.88000000e+02   1.00000000e+00   0.00000000e+00
   0.00000000e+00   0.00000000e+00   0.00000000e+00   2.00000000e+00
   0.00000000e+00   1.01200000e+02   1.76800000e+02   6.48000000e+01
   5.43000000e+01   2.76500000e+03   0.00000000e+00   2.00000000e+00
   1.64000000e+02   0.00000000e+00   3.31000000e+00   3.19000000e+00
   9.00000000e+00   1.21000000e+02   4.25000000e+03   2.10000000e+01
   0.00000000e+00]
[  2.00000000e+00   1.21000000e+02   2.00000000e+00   0.00000000e+00
   0.00000000e+00   1.00000000e+00   1.00000000e+00   0.00000000e+00
   0.00000000e+00   8.84000000e+01   1.41100000e+02   6.03000000e+01
   5.32000000e+01   1.48800000e+03   1.00000000e+00   3.00000000e+00
   6.10000000e+01   1.00000000e+00   2.91000000e+00   3.03000000e+00
   9.50000000e+00   4.80000000e+01   5.10000000e+03   4.70000000e+01
   0.00000000e+00]
[  1.00000000e+00   9.80000000e+01   2.00000000e+00   0.00000000e+00
   0.00000000e+00   1.00000000e+00   1.00000000e+00   0.00000000e+00
   0.00000000e+00   9.45000000e+01   1.55900000e+02   6.36000000e+01
   5.20000000e+01   1.87400000e+03   0.00000000e+00   0.00000000e+00
   9.00000000e+01   1.00000000e+00   3.03000000e+00   3.11000000e+00
   9.60000000e+00   7.00000000e+01   5.40000000e+03   3.80000000e+01
   0.00000000e+00]
[  0.00000000e+00   8.10000000e+01   2.00000000e+00   0.00000000e+00
   0.00000000e+00   0.00000000e+00   0.00000000e+00   0.00000000e+00
   0.00000000e+00   9.45000000e+01   1.58800000e+02   6.36000000e+01
   5.20000000e+01   1.90900000e+03   0.00000000e+00   0.00000000e+00
   9.00000000e+01   1.00000000e+00   3.03000000e+00   3.11000000e+00
   9.60000000e+00   7.00000000e+01   5.40000000e+03   3.80000000e+01
   0.00000000e+00]
[  1.00000000e+00   1.18000000e+02   3.00000000e+00   0.00000000e+00
   0.00000000e+00   1.00000000e+00   1.00000000e+00   0.00000000e+00
   0.00000000e+00   9.37000000e+01   1.57300000e+02   6.38000000e+01
   5.08000000e+01   1.87600000e+03   0.00000000e+00   0.00000000e+00
   9.00000000e+01   1.00000000e+00   2.97000000e+00   3.23000000e+00
   9.41000000e+00   6.80000000e+01   5.50000000e+03   3.70000000e+01
   0.00000000e+00]
[  1.00000000e+00   1.18000000e+02   3.00000000e+00   0.00000000e+00
   0.00000000e+00   1.00000000e+00   1.00000000e+00   0.00000000e+00
   0.00000000e+00   9.37000000e+01   1.57300000e+02   6.38000000e+01
   5.08000000e+01   1.87600000e+03   0.00000000e+00   0.00000000e+00
   9.00000000e+01   1.00000000e+00   2.97000000e+00   3.23000000e+00
   9.40000000e+00   6.80000000e+01   5.50000000e+03   3.10000000e+01
   0.00000000e+00]
[  1.00000000e+00   1.18000000e+02   3.00000000e+00   0.00000000e+00
   1.00000000e+00   1.00000000e+00   1.00000000e+00   0.00000000e+00
   0.00000000e+00   9.37000000e+01   1.57300000e+02   6.38000000e+01
   5.08000000e+01   2.12800000e+03   0.00000000e+00   0.00000000e+00
   9.80000000e+01   0.00000000e+00   3.03000000e+00   3.39000000e+00
   7.60000000e+00   1.02000000e+02   5.50000000e+03   2.40000000e+01
   0.00000000e+00]
[  1.00000000e+00   1.48000000e+02   3.00000000e+00   0.00000000e+00
   0.00000000e+00   0.00000000e+00   1.00000000e+00   0.00000000e+00
   0.00000000e+00   9.37000000e+01   1.57300000e+02   6.38000000e+01
   5.06000000e+01   1.96700000e+03   0.00000000e+00   0.00000000e+00
   9.00000000e+01   1.00000000e+00   2.97000000e+00   3.23000000e+00
   9.40000000e+00   6.80000000e+01   5.50000000e+03   3.10000000e+01
   0.00000000e+00]
[  1.00000000e+00   1.48000000e+02   3.00000000e+00   0.00000000e+00
   0.00000000e+00   0.00000000e+00   0.00000000e+00   0.00000000e+00
   0.00000000e+00   9.37000000e+01   1.57300000e+02   6.38000000e+01
   5.06000000e+01   1.98900000e+03   0.00000000e+00   0.00000000e+00
   9.00000000e+01   1.00000000e+00   2.97000000e+00   3.23000000e+00
   9.40000000e+00   6.80000000e+01   5.50000000e+03   3.10000000e+01
   0.00000000e+00]
[  1.00000000e+00   1.48000000e+02   3.00000000e+00   0.00000000e+00
   0.00000000e+00   0.00000000e+00   0.00000000e+00   0.00000000e+00
   0.00000000e+00   9.37000000e+01   1.57300000e+02   6.38000000e+01
   5.06000000e+01   1.98900000e+03   0.00000000e+00   0.00000000e+00
   9.00000000e+01   1.00000000e+00   2.97000000e+00   3.23000000e+00
   9.40000000e+00   6.80000000e+01   5.50000000e+03   3.10000000e+01
   0.00000000e+00]
[ -1.00000000e+00   1.10000000e+02   3.00000000e+00   0.00000000e+00
   0.00000000e+00   0.00000000e+00   2.00000000e+00   0.00000000e+00
   0.00000000e+00   1.03300000e+02   1.74600000e+02   6.46000000e+01
   5.98000000e+01   2.53500000e+03   0.00000000e+00   0.00000000e+00
   1.22000000e+02   1.00000000e+00   3.34000000e+00   3.46000000e+00
   8.50000000e+00   8.80000000e+01   5.00000000e+03   2.40000000e+01
   0.00000000e+00]
[  3.00000000e+00   1.45000000e+02   3.00000000e+00   0.00000000e+00
   1.00000000e+00   1.00000000e+00   1.00000000e+00   0.00000000e+00
   0.00000000e+00   9.59000000e+01   1.73200000e+02   6.63000000e+01
   5.02000000e+01   2.81100000e+03   0.00000000e+00   0.00000000e+00
   1.56000000e+02   2.00000000e+00   3.60000000e+00   3.90000000e+00
   7.00000000e+00   1.45000000e+02   5.00000000e+03   1.90000000e+01
   0.00000000e+00]
[  2.00000000e+00   1.37000000e+02   4.00000000e+00   0.00000000e+00
   0.00000000e+00   1.00000000e+00   1.00000000e+00   0.00000000e+00
   0.00000000e+00   8.66000000e+01   1.44600000e+02   6.39000000e+01
   5.08000000e+01   1.71300000e+03   0.00000000e+00   0.00000000e+00
   9.20000000e+01   3.00000000e+00   2.91000000e+00   3.41000000e+00
   9.60000000e+00   5.80000000e+01   4.80000000e+03   4.90000000e+01
   0.00000000e+00]
[  2.00000000e+00   1.37000000e+02   4.00000000e+00   0.00000000e+00
   0.00000000e+00   1.00000000e+00   1.00000000e+00   0.00000000e+00
   0.00000000e+00   8.66000000e+01   1.44600000e+02   6.39000000e+01
   5.08000000e+01   1.81900000e+03   0.00000000e+00   0.00000000e+00
   9.20000000e+01   3.00000000e+00   2.91000000e+00   3.41000000e+00
   9.20000000e+00   7.60000000e+01   6.00000000e+03   3.10000000e+01
   0.00000000e+00]
[  1.00000000e+00   1.01000000e+02   4.00000000e+00   0.00000000e+00
   0.00000000e+00   1.00000000e+00   1.00000000e+00   0.00000000e+00
   0.00000000e+00   9.37000000e+01   1.50000000e+02   6.40000000e+01
   5.26000000e+01   1.83700000e+03   0.00000000e+00   0.00000000e+00
   7.90000000e+01   3.00000000e+00   2.91000000e+00   3.07000000e+00
   1.01000000e+01   6.00000000e+01   5.50000000e+03   3.80000000e+01
   0.00000000e+00]
[  1.00000000e+00   1.01000000e+02   4.00000000e+00   0.00000000e+00
   0.00000000e+00   1.00000000e+00   1.00000000e+00   0.00000000e+00
   0.00000000e+00   9.37000000e+01   1.50000000e+02   6.40000000e+01
   5.26000000e+01   1.94000000e+03   0.00000000e+00   0.00000000e+00
   9.20000000e+01   3.00000000e+00   2.91000000e+00   3.41000000e+00
   9.20000000e+00   7.60000000e+01   6.00000000e+03   3.00000000e+01
   0.00000000e+00]
[  1.00000000e+00   1.01000000e+02   4.00000000e+00   0.00000000e+00
   0.00000000e+00   1.00000000e+00   1.00000000e+00   0.00000000e+00
   0.00000000e+00   9.37000000e+01   1.50000000e+02   6.40000000e+01
   5.26000000e+01   1.95600000e+03   0.00000000e+00   0.00000000e+00
   9.20000000e+01   3.00000000e+00   2.91000000e+00   3.41000000e+00
   9.20000000e+00   7.60000000e+01   6.00000000e+03   3.00000000e+01
   0.00000000e+00]
[  0.00000000e+00   1.10000000e+02   4.00000000e+00   0.00000000e+00
   0.00000000e+00   0.00000000e+00   0.00000000e+00   0.00000000e+00
   0.00000000e+00   9.65000000e+01   1.63400000e+02   6.40000000e+01
   5.45000000e+01   2.01000000e+03   0.00000000e+00   0.00000000e+00
   9.20000000e+01   3.00000000e+00   2.91000000e+00   3.41000000e+00
   9.20000000e+00   7.60000000e+01   6.00000000e+03   3.00000000e+01
   0.00000000e+00]
[  0.00000000e+00   7.80000000e+01   4.00000000e+00   0.00000000e+00
   0.00000000e+00   0.00000000e+00   2.00000000e+00   0.00000000e+00
   0.00000000e+00   9.65000000e+01   1.57100000e+02   6.39000000e+01
   5.83000000e+01   2.02400000e+03   0.00000000e+00   0.00000000e+00
   9.20000000e+01   3.00000000e+00   2.92000000e+00   3.41000000e+00
   9.20000000e+00   7.60000000e+01   6.00000000e+03   3.00000000e+01
   0.00000000e+00]
[  0.00000000e+00   1.06000000e+02   4.00000000e+00   0.00000000e+00
   0.00000000e+00   1.00000000e+00   1.00000000e+00   0.00000000e+00
   0.00000000e+00   9.65000000e+01   1.67500000e+02   6.52000000e+01
   5.33000000e+01   2.23600000e+03   0.00000000e+00   0.00000000e+00
   1.10000000e+02   3.00000000e+00   3.15000000e+00   3.58000000e+00
   9.00000000e+00   8.60000000e+01   5.80000000e+03   2.70000000e+01
   0.00000000e+00]
[  0.00000000e+00   1.06000000e+02   4.00000000e+00   0.00000000e+00
   0.00000000e+00   1.00000000e+00   1.00000000e+00   0.00000000e+00
   0.00000000e+00   9.65000000e+01   1.67500000e+02   6.52000000e+01
   5.33000000e+01   2.28900000e+03   0.00000000e+00   0.00000000e+00
   1.10000000e+02   3.00000000e+00   3.15000000e+00   3.58000000e+00
   9.00000000e+00   8.60000000e+01   5.80000000e+03   2.70000000e+01
   0.00000000e+00]
[  0.00000000e+00   8.50000000e+01   4.00000000e+00   0.00000000e+00
   0.00000000e+00   0.00000000e+00   0.00000000e+00   0.00000000e+00
   0.00000000e+00   9.65000000e+01   1.75400000e+02   6.52000000e+01
   5.41000000e+01   2.30400000e+03   0.00000000e+00   0.00000000e+00
   1.10000000e+02   3.00000000e+00   3.15000000e+00   3.58000000e+00
   9.00000000e+00   8.60000000e+01   5.80000000e+03   2.70000000e+01
   0.00000000e+00]
[  0.00000000e+00   8.50000000e+01   4.00000000e+00   0.00000000e+00
   0.00000000e+00   0.00000000e+00   0.00000000e+00   0.00000000e+00
   0.00000000e+00   9.65000000e+01   1.75400000e+02   6.25000000e+01
   5.41000000e+01   2.37200000e+03   0.00000000e+00   0.00000000e+00
   1.10000000e+02   3.00000000e+00   3.15000000e+00   3.58000000e+00
   9.00000000e+00   8.60000000e+01   5.80000000e+03   2.70000000e+01
   0.00000000e+00]
[  0.00000000e+00   8.50000000e+01   4.00000000e+00   0.00000000e+00
   0.00000000e+00   0.00000000e+00   0.00000000e+00   0.00000000e+00
   0.00000000e+00   9.65000000e+01   1.75400000e+02   6.52000000e+01
   5.41000000e+01   2.46500000e+03   0.00000000e+00   0.00000000e+00
   1.10000000e+02   0.00000000e+00   3.15000000e+00   3.58000000e+00
   9.00000000e+00   1.01000000e+02   5.80000000e+03   2.40000000e+01
   0.00000000e+00]
[  1.00000000e+00   1.07000000e+02   4.00000000e+00   0.00000000e+00
   0.00000000e+00   1.00000000e+00   0.00000000e+00   0.00000000e+00
   0.00000000e+00   9.65000000e+01   1.69100000e+02   6.60000000e+01
   5.10000000e+01   2.29300000e+03   0.00000000e+00   0.00000000e+00
   1.10000000e+02   1.00000000e+00   3.15000000e+00   3.58000000e+00
   9.10000000e+00   1.00000000e+02   5.50000000e+03   2.50000000e+01
   0.00000000e+00]
[  0.00000000e+00   1.45000000e+02   5.00000000e+00   0.00000000e+00
   0.00000000e+00   0.00000000e+00   0.00000000e+00   2.00000000e+00
   0.00000000e+00   1.13000000e+02   1.99600000e+02   6.96000000e+01
   5.28000000e+01   4.06600000e+03   2.00000000e+00   2.00000000e+00
   2.58000000e+02   0.00000000e+00   3.63000000e+00   4.17000000e+00
   8.10000000e+00   1.76000000e+02   4.75000000e+03   1.50000000e+01
   0.00000000e+00]
[  1.00000000e+00   1.04000000e+02   6.00000000e+00   0.00000000e+00
   0.00000000e+00   1.00000000e+00   1.00000000e+00   0.00000000e+00
   0.00000000e+00   9.31000000e+01   1.59100000e+02   6.42000000e+01
   5.41000000e+01   1.89000000e+03   0.00000000e+00   0.00000000e+00
   9.10000000e+01   1.00000000e+00   3.03000000e+00   3.15000000e+00
   9.00000000e+00   6.80000000e+01   5.00000000e+03   3.00000000e+01
   0.00000000e+00]
[  1.00000000e+00   1.04000000e+02   6.00000000e+00   0.00000000e+00
   0.00000000e+00   1.00000000e+00   1.00000000e+00   0.00000000e+00
   0.00000000e+00   9.31000000e+01   1.59100000e+02   6.42000000e+01
   5.41000000e+01   1.90000000e+03   0.00000000e+00   0.00000000e+00
   9.10000000e+01   1.00000000e+00   3.03000000e+00   3.15000000e+00
   9.00000000e+00   6.80000000e+01   5.00000000e+03   3.10000000e+01
   0.00000000e+00]
[  1.00000000e+00   1.04000000e+02   6.00000000e+00   0.00000000e+00
   0.00000000e+00   1.00000000e+00   1.00000000e+00   0.00000000e+00
   0.00000000e+00   9.31000000e+01   1.59100000e+02   6.42000000e+01
   5.41000000e+01   1.90500000e+03   0.00000000e+00   0.00000000e+00
   9.10000000e+01   1.00000000e+00   3.03000000e+00   3.15000000e+00
   9.00000000e+00   6.80000000e+01   5.00000000e+03   3.10000000e+01
   0.00000000e+00]
[  1.00000000e+00   1.13000000e+02   6.00000000e+00   0.00000000e+00
   0.00000000e+00   0.00000000e+00   0.00000000e+00   0.00000000e+00
   0.00000000e+00   9.31000000e+01   1.66800000e+02   6.42000000e+01
   5.41000000e+01   1.94500000e+03   0.00000000e+00   0.00000000e+00
   9.10000000e+01   1.00000000e+00   3.03000000e+00   3.15000000e+00
   9.00000000e+00   6.80000000e+01   5.00000000e+03   3.10000000e+01
   0.00000000e+00]
[  1.00000000e+00   1.13000000e+02   6.00000000e+00   0.00000000e+00
   0.00000000e+00   0.00000000e+00   0.00000000e+00   0.00000000e+00
   0.00000000e+00   9.31000000e+01   1.66800000e+02   6.42000000e+01
   5.41000000e+01   1.95000000e+03   0.00000000e+00   0.00000000e+00
   9.10000000e+01   1.00000000e+00   3.08000000e+00   3.15000000e+00
   9.00000000e+00   6.80000000e+01   5.00000000e+03   3.10000000e+01
   0.00000000e+00]
[  1.00000000e+00   1.29000000e+02   6.00000000e+00   0.00000000e+00
   0.00000000e+00   1.00000000e+00   1.00000000e+00   0.00000000e+00
   0.00000000e+00   9.88000000e+01   1.77800000e+02   6.65000000e+01
   5.37000000e+01   2.38500000e+03   0.00000000e+00   0.00000000e+00
   1.22000000e+02   1.00000000e+00   3.39000000e+00   3.39000000e+00
   8.60000000e+00   8.40000000e+01   4.80000000e+03   2.60000000e+01
   0.00000000e+00]
[  0.00000000e+00   1.15000000e+02   6.00000000e+00   0.00000000e+00
   0.00000000e+00   0.00000000e+00   0.00000000e+00   0.00000000e+00
   0.00000000e+00   9.88000000e+01   1.77800000e+02   6.65000000e+01
   5.55000000e+01   2.41000000e+03   0.00000000e+00   0.00000000e+00
   1.22000000e+02   1.00000000e+00   3.39000000e+00   3.39000000e+00
   8.60000000e+00   8.40000000e+01   4.80000000e+03   2.60000000e+01
   0.00000000e+00]
[  1.00000000e+00   1.29000000e+02   6.00000000e+00   0.00000000e+00
   0.00000000e+00   1.00000000e+00   1.00000000e+00   0.00000000e+00
   0.00000000e+00   9.88000000e+01   1.77800000e+02   6.65000000e+01
   5.37000000e+01   2.38500000e+03   0.00000000e+00   0.00000000e+00
   1.22000000e+02   1.00000000e+00   3.39000000e+00   3.39000000e+00
   8.60000000e+00   8.40000000e+01   4.80000000e+03   2.60000000e+01
   0.00000000e+00]
[  0.00000000e+00   1.15000000e+02   6.00000000e+00   0.00000000e+00
   0.00000000e+00   0.00000000e+00   0.00000000e+00   0.00000000e+00
   0.00000000e+00   9.88000000e+01   1.77800000e+02   6.65000000e+01
   5.55000000e+01   2.41000000e+03   0.00000000e+00   0.00000000e+00
   1.22000000e+02   1.00000000e+00   3.39000000e+00   3.39000000e+00
   8.60000000e+00   8.40000000e+01   4.80000000e+03   2.60000000e+01
   0.00000000e+00]
[  0.00000000e+00   1.15000000e+02   6.00000000e+00   0.00000000e+00
   0.00000000e+00   0.00000000e+00   1.00000000e+00   0.00000000e+00
   0.00000000e+00   9.88000000e+01   1.77800000e+02   6.65000000e+01
   5.55000000e+01   2.42500000e+03   0.00000000e+00   0.00000000e+00
   1.22000000e+02   1.00000000e+00   3.39000000e+00   3.39000000e+00
   8.60000000e+00   8.40000000e+01   4.80000000e+03   2.60000000e+01
   0.00000000e+00]
[  0.00000000e+00   1.18000000e+02   6.00000000e+00   0.00000000e+00
   0.00000000e+00   0.00000000e+00   0.00000000e+00   2.00000000e+00
   0.00000000e+00   1.04900000e+02   1.75000000e+02   6.61000000e+01
   5.44000000e+01   2.67000000e+03   0.00000000e+00   0.00000000e+00
   1.40000000e+02   0.00000000e+00   3.76000000e+00   3.16000000e+00
   8.00000000e+00   1.20000000e+02   5.00000000e+03   1.90000000e+01
   0.00000000e+00]
[ -1.00000000e+00   9.30000000e+01   7.00000000e+00   1.00000000e+00
   1.00000000e+00   0.00000000e+00   0.00000000e+00   2.00000000e+00
   0.00000000e+00   1.10000000e+02   1.90900000e+02   7.03000000e+01
   5.65000000e+01   3.51500000e+03   0.00000000e+00   1.00000000e+00
   1.83000000e+02   4.00000000e+00   3.58000000e+00   3.64000000e+00
   2.15000000e+01   1.23000000e+02   4.35000000e+03   2.20000000e+01
   0.00000000e+00]
[ -1.00000000e+00   9.30000000e+01   7.00000000e+00   1.00000000e+00
   1.00000000e+00   0.00000000e+00   2.00000000e+00   2.00000000e+00
   0.00000000e+00   1.10000000e+02   1.90900000e+02   7.03000000e+01
   5.87000000e+01   3.75000000e+03   0.00000000e+00   1.00000000e+00
   1.83000000e+02   4.00000000e+00   3.58000000e+00   3.64000000e+00
   2.15000000e+01   1.23000000e+02   4.35000000e+03   2.20000000e+01
   0.00000000e+00]
[  0.00000000e+00   9.30000000e+01   7.00000000e+00   1.00000000e+00
   1.00000000e+00   1.00000000e+00   3.00000000e+00   2.00000000e+00
   0.00000000e+00   1.06700000e+02   1.87500000e+02   7.03000000e+01
   5.49000000e+01   3.49500000e+03   0.00000000e+00   1.00000000e+00
   1.83000000e+02   4.00000000e+00   3.58000000e+00   3.64000000e+00
   2.15000000e+01   1.23000000e+02   4.35000000e+03   2.20000000e+01
   0.00000000e+00]
[ -1.00000000e+00   9.30000000e+01   7.00000000e+00   1.00000000e+00
   1.00000000e+00   0.00000000e+00   0.00000000e+00   2.00000000e+00
   0.00000000e+00   1.15600000e+02   2.02600000e+02   7.17000000e+01
   5.63000000e+01   3.77000000e+03   0.00000000e+00   1.00000000e+00
   1.83000000e+02   4.00000000e+00   3.58000000e+00   3.64000000e+00
   2.15000000e+01   1.23000000e+02   4.35000000e+03   2.20000000e+01
   0.00000000e+00]
[  3.00000000e+00   1.42000000e+02   7.00000000e+00   0.00000000e+00
   0.00000000e+00   1.00000000e+00   4.00000000e+00   2.00000000e+00
   0.00000000e+00   9.66000000e+01   1.80300000e+02   7.05000000e+01
   5.08000000e+01   3.68500000e+03   3.00000000e+00   4.00000000e+00
   2.34000000e+02   0.00000000e+00   3.46000000e+00   3.10000000e+00
   8.30000000e+00   1.55000000e+02   4.75000000e+03   1.60000000e+01
   0.00000000e+00]
[  2.00000000e+00   1.61000000e+02   8.00000000e+00   0.00000000e+00
   0.00000000e+00   1.00000000e+00   1.00000000e+00   0.00000000e+00
   0.00000000e+00   9.37000000e+01   1.57300000e+02   6.44000000e+01
   5.08000000e+01   1.91800000e+03   0.00000000e+00   0.00000000e+00
   9.20000000e+01   1.00000000e+00   2.97000000e+00   3.23000000e+00
   9.40000000e+00   6.80000000e+01   5.50000000e+03   3.70000000e+01
   0.00000000e+00]
[  2.00000000e+00   1.61000000e+02   8.00000000e+00   0.00000000e+00
   0.00000000e+00   1.00000000e+00   1.00000000e+00   0.00000000e+00
   0.00000000e+00   9.37000000e+01   1.57300000e+02   6.44000000e+01
   5.08000000e+01   1.94400000e+03   0.00000000e+00   0.00000000e+00
   9.20000000e+01   1.00000000e+00   2.97000000e+00   3.23000000e+00
   9.40000000e+00   6.80000000e+01   5.50000000e+03   3.10000000e+01
   0.00000000e+00]
[  2.00000000e+00   1.61000000e+02   8.00000000e+00   0.00000000e+00
   0.00000000e+00   1.00000000e+00   1.00000000e+00   0.00000000e+00
   0.00000000e+00   9.37000000e+01   1.57300000e+02   6.44000000e+01
   5.08000000e+01   2.00400000e+03   0.00000000e+00   0.00000000e+00
   9.20000000e+01   1.00000000e+00   2.97000000e+00   3.23000000e+00
   9.40000000e+00   6.80000000e+01   5.50000000e+03   3.10000000e+01
   0.00000000e+00]
[  1.00000000e+00   1.61000000e+02   8.00000000e+00   0.00000000e+00
   1.00000000e+00   1.00000000e+00   1.00000000e+00   0.00000000e+00
   0.00000000e+00   9.30000000e+01   1.57300000e+02   6.38000000e+01
   5.08000000e+01   2.14500000e+03   0.00000000e+00   0.00000000e+00
   9.80000000e+01   5.00000000e+00   3.03000000e+00   3.39000000e+00
   7.60000000e+00   1.02000000e+02   5.50000000e+03   2.40000000e+01
   0.00000000e+00]
[  3.00000000e+00   1.53000000e+02   8.00000000e+00   0.00000000e+00
   1.00000000e+00   1.00000000e+00   1.00000000e+00   0.00000000e+00
   0.00000000e+00   9.63000000e+01   1.73000000e+02   6.54000000e+01
   4.94000000e+01   2.37000000e+03   0.00000000e+00   0.00000000e+00
   1.10000000e+02   5.00000000e+00   3.17000000e+00   3.46000000e+00
   7.50000000e+00   1.16000000e+02   5.50000000e+03   2.30000000e+01
   0.00000000e+00]
[  3.00000000e+00   1.53000000e+02   8.00000000e+00   0.00000000e+00
   0.00000000e+00   1.00000000e+00   1.00000000e+00   0.00000000e+00
   0.00000000e+00   9.63000000e+01   1.73000000e+02   6.54000000e+01
   4.94000000e+01   2.32800000e+03   0.00000000e+00   0.00000000e+00
   1.22000000e+02   1.00000000e+00   3.35000000e+00   3.46000000e+00
   8.50000000e+00   8.80000000e+01   5.00000000e+03   2.50000000e+01
   0.00000000e+00]
[  1.00000000e+00   1.25000000e+02   8.00000000e+00   0.00000000e+00
   0.00000000e+00   0.00000000e+00   0.00000000e+00   0.00000000e+00
   0.00000000e+00   9.63000000e+01   1.72400000e+02   6.54000000e+01
   5.16000000e+01   2.36500000e+03   0.00000000e+00   0.00000000e+00
   1.22000000e+02   1.00000000e+00   3.35000000e+00   3.46000000e+00
   8.50000000e+00   8.80000000e+01   5.00000000e+03   2.50000000e+01
   0.00000000e+00]
[  1.00000000e+00   1.25000000e+02   8.00000000e+00   0.00000000e+00
   0.00000000e+00   0.00000000e+00   0.00000000e+00   0.00000000e+00
   0.00000000e+00   9.63000000e+01   1.72400000e+02   6.54000000e+01
   5.16000000e+01   2.40500000e+03   0.00000000e+00   0.00000000e+00
   1.22000000e+02   1.00000000e+00   3.35000000e+00   3.46000000e+00
   8.50000000e+00   8.80000000e+01   5.00000000e+03   2.50000000e+01
   0.00000000e+00]
[  1.00000000e+00   1.25000000e+02   8.00000000e+00   0.00000000e+00
   1.00000000e+00   0.00000000e+00   0.00000000e+00   0.00000000e+00
   0.00000000e+00   9.63000000e+01   1.72400000e+02   6.54000000e+01
   5.16000000e+01   2.40300000e+03   0.00000000e+00   0.00000000e+00
   1.10000000e+02   5.00000000e+00   3.17000000e+00   3.46000000e+00
   7.50000000e+00   1.16000000e+02   5.50000000e+03   2.30000000e+01
   0.00000000e+00]
[ -1.00000000e+00   1.37000000e+02   8.00000000e+00   0.00000000e+00
   0.00000000e+00   0.00000000e+00   0.00000000e+00   0.00000000e+00
   0.00000000e+00   9.63000000e+01   1.72400000e+02   6.54000000e+01
   5.16000000e+01   2.40300000e+03   0.00000000e+00   0.00000000e+00
   1.10000000e+02   5.00000000e+00   3.17000000e+00   3.46000000e+00
   7.50000000e+00   1.16000000e+02   5.50000000e+03   2.30000000e+01
   0.00000000e+00]
[  1.00000000e+00   1.28000000e+02   9.00000000e+00   0.00000000e+00
   0.00000000e+00   1.00000000e+00   0.00000000e+00   0.00000000e+00
   0.00000000e+00   9.45000000e+01   1.65300000e+02   6.38000000e+01
   5.45000000e+01   1.88900000e+03   0.00000000e+00   0.00000000e+00
   9.70000000e+01   1.00000000e+00   3.15000000e+00   3.29000000e+00
   9.40000000e+00   6.90000000e+01   5.20000000e+03   3.10000000e+01
   0.00000000e+00]
[  1.00000000e+00   1.28000000e+02   9.00000000e+00   1.00000000e+00
   0.00000000e+00   1.00000000e+00   0.00000000e+00   0.00000000e+00
   0.00000000e+00   9.45000000e+01   1.65300000e+02   6.38000000e+01
   5.45000000e+01   2.01700000e+03   0.00000000e+00   0.00000000e+00
   1.03000000e+02   4.00000000e+00   2.99000000e+00   3.47000000e+00
   2.19000000e+01   5.50000000e+01   4.80000000e+03   4.50000000e+01
   0.00000000e+00]
[  1.00000000e+00   1.28000000e+02   9.00000000e+00   0.00000000e+00
   0.00000000e+00   1.00000000e+00   0.00000000e+00   0.00000000e+00
   0.00000000e+00   9.45000000e+01   1.65300000e+02   6.38000000e+01
   5.45000000e+01   1.91800000e+03   0.00000000e+00   0.00000000e+00
   9.70000000e+01   1.00000000e+00   3.15000000e+00   3.29000000e+00
   9.40000000e+00   6.90000000e+01   5.20000000e+03   3.10000000e+01
   0.00000000e+00]
[  1.00000000e+00   1.22000000e+02   9.00000000e+00   0.00000000e+00
   0.00000000e+00   0.00000000e+00   0.00000000e+00   0.00000000e+00
   0.00000000e+00   9.45000000e+01   1.65300000e+02   6.38000000e+01
   5.45000000e+01   1.93800000e+03   0.00000000e+00   0.00000000e+00
   9.70000000e+01   1.00000000e+00   3.15000000e+00   3.29000000e+00
   9.40000000e+00   6.90000000e+01   5.20000000e+03   3.10000000e+01
   0.00000000e+00]
[  1.00000000e+00   1.03000000e+02   9.00000000e+00   0.00000000e+00
   0.00000000e+00   0.00000000e+00   2.00000000e+00   0.00000000e+00
   0.00000000e+00   9.45000000e+01   1.70200000e+02   6.38000000e+01
   5.35000000e+01   2.02400000e+03   0.00000000e+00   0.00000000e+00
   9.70000000e+01   1.00000000e+00   3.15000000e+00   3.29000000e+00
   9.40000000e+00   6.90000000e+01   5.20000000e+03   3.10000000e+01
   0.00000000e+00]
[  1.00000000e+00   1.28000000e+02   9.00000000e+00   0.00000000e+00
   0.00000000e+00   1.00000000e+00   0.00000000e+00   0.00000000e+00
   0.00000000e+00   9.45000000e+01   1.65300000e+02   6.38000000e+01
   5.45000000e+01   1.95100000e+03   0.00000000e+00   0.00000000e+00
   9.70000000e+01   1.00000000e+00   3.15000000e+00   3.29000000e+00
   9.40000000e+00   6.90000000e+01   5.20000000e+03   3.10000000e+01
   0.00000000e+00]
[  1.00000000e+00   1.28000000e+02   9.00000000e+00   0.00000000e+00
   0.00000000e+00   1.00000000e+00   1.00000000e+00   0.00000000e+00
   0.00000000e+00   9.45000000e+01   1.65600000e+02   6.38000000e+01
   5.33000000e+01   2.02800000e+03   0.00000000e+00   0.00000000e+00
   9.70000000e+01   1.00000000e+00   3.15000000e+00   3.29000000e+00
   9.40000000e+00   6.90000000e+01   5.20000000e+03   3.10000000e+01
   0.00000000e+00]
[  1.00000000e+00   1.22000000e+02   9.00000000e+00   0.00000000e+00
   0.00000000e+00   0.00000000e+00   0.00000000e+00   0.00000000e+00
   0.00000000e+00   9.45000000e+01   1.65300000e+02   6.38000000e+01
   5.45000000e+01   1.97100000e+03   0.00000000e+00   0.00000000e+00
   9.70000000e+01   1.00000000e+00   3.15000000e+00   3.29000000e+00
   9.40000000e+00   6.90000000e+01   5.20000000e+03   3.10000000e+01
   0.00000000e+00]
[  1.00000000e+00   1.03000000e+02   9.00000000e+00   0.00000000e+00
   0.00000000e+00   0.00000000e+00   2.00000000e+00   0.00000000e+00
   0.00000000e+00   9.45000000e+01   1.70200000e+02   6.38000000e+01
   5.35000000e+01   2.03700000e+03   0.00000000e+00   0.00000000e+00
   9.70000000e+01   1.00000000e+00   3.15000000e+00   3.29000000e+00
   9.40000000e+00   6.90000000e+01   5.20000000e+03   3.10000000e+01
   0.00000000e+00]
[  2.00000000e+00   1.68000000e+02   9.00000000e+00   0.00000000e+00
   0.00000000e+00   1.00000000e+00   3.00000000e+00   0.00000000e+00
   0.00000000e+00   9.51000000e+01   1.62400000e+02   6.38000000e+01
   5.33000000e+01   2.00800000e+03   0.00000000e+00   0.00000000e+00
   9.70000000e+01   1.00000000e+00   3.15000000e+00   3.29000000e+00
   9.40000000e+00   6.90000000e+01   5.20000000e+03   3.10000000e+01
   0.00000000e+00]
[  0.00000000e+00   1.06000000e+02   9.00000000e+00   0.00000000e+00
   0.00000000e+00   0.00000000e+00   1.00000000e+00   0.00000000e+00
   0.00000000e+00   9.72000000e+01   1.73400000e+02   6.52000000e+01
   5.47000000e+01   2.32400000e+03   0.00000000e+00   0.00000000e+00
   1.20000000e+02   1.00000000e+00   3.33000000e+00   3.47000000e+00
   8.50000000e+00   9.70000000e+01   5.20000000e+03   2.70000000e+01
   0.00000000e+00]
[  0.00000000e+00   1.06000000e+02   9.00000000e+00   0.00000000e+00
   0.00000000e+00   0.00000000e+00   0.00000000e+00   0.00000000e+00
   0.00000000e+00   9.72000000e+01   1.73400000e+02   6.52000000e+01
   5.47000000e+01   2.30200000e+03   0.00000000e+00   0.00000000e+00
   1.20000000e+02   1.00000000e+00   3.33000000e+00   3.47000000e+00
   8.50000000e+00   9.70000000e+01   5.20000000e+03   2.70000000e+01
   0.00000000e+00]
[  0.00000000e+00   1.28000000e+02   9.00000000e+00   0.00000000e+00
   0.00000000e+00   0.00000000e+00   0.00000000e+00   0.00000000e+00
   0.00000000e+00   1.00400000e+02   1.81700000e+02   6.65000000e+01
   5.51000000e+01   3.09500000e+03   3.00000000e+00   2.00000000e+00
   1.81000000e+02   0.00000000e+00   3.43000000e+00   3.27000000e+00
   9.00000000e+00   1.52000000e+02   5.20000000e+03   1.70000000e+01
   0.00000000e+00]
[  0.00000000e+00   1.08000000e+02   9.00000000e+00   0.00000000e+00
   0.00000000e+00   0.00000000e+00   2.00000000e+00   0.00000000e+00
   0.00000000e+00   1.00400000e+02   1.84600000e+02   6.65000000e+01
   5.61000000e+01   3.29600000e+03   3.00000000e+00   2.00000000e+00
   1.81000000e+02   0.00000000e+00   3.43000000e+00   3.27000000e+00
   9.00000000e+00   1.52000000e+02   5.20000000e+03   1.70000000e+01
   0.00000000e+00]
[  0.00000000e+00   1.08000000e+02   9.00000000e+00   0.00000000e+00
   0.00000000e+00   0.00000000e+00   0.00000000e+00   0.00000000e+00
   0.00000000e+00   1.00400000e+02   1.84600000e+02   6.65000000e+01
   5.51000000e+01   3.06000000e+03   3.00000000e+00   2.00000000e+00
   1.81000000e+02   0.00000000e+00   3.43000000e+00   3.27000000e+00
   9.00000000e+00   1.52000000e+02   5.20000000e+03   1.90000000e+01
   0.00000000e+00]
[  3.00000000e+00   1.94000000e+02   9.00000000e+00   0.00000000e+00
   0.00000000e+00   1.00000000e+00   1.00000000e+00   2.00000000e+00
   0.00000000e+00   9.13000000e+01   1.70700000e+02   6.79000000e+01
   4.97000000e+01   3.07100000e+03   3.00000000e+00   2.00000000e+00
   1.81000000e+02   0.00000000e+00   3.43000000e+00   3.27000000e+00
   9.00000000e+00   1.60000000e+02   5.20000000e+03   1.90000000e+01
   0.00000000e+00]
[  3.00000000e+00   1.94000000e+02   9.00000000e+00   0.00000000e+00
   1.00000000e+00   1.00000000e+00   1.00000000e+00   2.00000000e+00
   0.00000000e+00   9.13000000e+01   1.70700000e+02   6.79000000e+01
   4.97000000e+01   3.13900000e+03   3.00000000e+00   2.00000000e+00
   1.81000000e+02   0.00000000e+00   3.43000000e+00   3.27000000e+00
   7.80000000e+00   2.00000000e+02   5.20000000e+03   1.70000000e+01
   0.00000000e+00]
[  1.00000000e+00   2.31000000e+02   9.00000000e+00   0.00000000e+00
   0.00000000e+00   1.00000000e+00   1.00000000e+00   2.00000000e+00
   0.00000000e+00   9.92000000e+01   1.78500000e+02   6.79000000e+01
   4.97000000e+01   3.13900000e+03   3.00000000e+00   2.00000000e+00
   1.81000000e+02   0.00000000e+00   3.43000000e+00   3.27000000e+00
   9.00000000e+00   1.60000000e+02   5.20000000e+03   1.90000000e+01
   0.00000000e+00]
[  0.00000000e+00   1.61000000e+02   1.00000000e+01   0.00000000e+00
   0.00000000e+00   0.00000000e+00   0.00000000e+00   2.00000000e+00
   0.00000000e+00   1.07900000e+02   1.86700000e+02   6.84000000e+01
   5.67000000e+01   3.02000000e+03   1.00000000e+00   0.00000000e+00
   1.20000000e+02   0.00000000e+00   3.46000000e+00   3.19000000e+00
   8.40000000e+00   9.70000000e+01   5.00000000e+03   1.90000000e+01
   0.00000000e+00]
[  0.00000000e+00   1.61000000e+02   1.00000000e+01   1.00000000e+00
   1.00000000e+00   0.00000000e+00   0.00000000e+00   2.00000000e+00
   0.00000000e+00   1.07900000e+02   1.86700000e+02   6.84000000e+01
   5.67000000e+01   3.19700000e+03   1.00000000e+00   0.00000000e+00
   1.52000000e+02   4.00000000e+00   3.70000000e+00   3.52000000e+00
   2.10000000e+01   9.50000000e+01   4.15000000e+03   2.80000000e+01
   0.00000000e+00]
[  0.00000000e+00   1.61000000e+02   1.00000000e+01   0.00000000e+00
   0.00000000e+00   0.00000000e+00   0.00000000e+00   2.00000000e+00
   0.00000000e+00   1.07900000e+02   1.86700000e+02   6.84000000e+01
   5.67000000e+01   3.07500000e+03   1.00000000e+00   0.00000000e+00
   1.20000000e+02   0.00000000e+00   3.46000000e+00   2.19000000e+00
   8.40000000e+00   9.50000000e+01   5.00000000e+03   1.90000000e+01
   0.00000000e+00]
[  0.00000000e+00   1.61000000e+02   1.00000000e+01   1.00000000e+00
   1.00000000e+00   0.00000000e+00   0.00000000e+00   2.00000000e+00
   0.00000000e+00   1.07900000e+02   1.86700000e+02   6.84000000e+01
   5.67000000e+01   3.25200000e+03   1.00000000e+00   0.00000000e+00
   1.52000000e+02   4.00000000e+00   3.70000000e+00   3.52000000e+00
   2.10000000e+01   9.50000000e+01   4.15000000e+03   2.80000000e+01
   0.00000000e+00]
[  0.00000000e+00   1.61000000e+02   1.00000000e+01   0.00000000e+00
   0.00000000e+00   0.00000000e+00   0.00000000e+00   2.00000000e+00
   0.00000000e+00   1.07900000e+02   1.86700000e+02   6.84000000e+01
   5.67000000e+01   3.07500000e+03   1.00000000e+00   0.00000000e+00
   1.20000000e+02   0.00000000e+00   3.46000000e+00   3.19000000e+00
   8.40000000e+00   9.70000000e+01   5.00000000e+03   1.90000000e+01
   0.00000000e+00]
[  0.00000000e+00   1.61000000e+02   1.00000000e+01   1.00000000e+00
   1.00000000e+00   0.00000000e+00   0.00000000e+00   2.00000000e+00
   0.00000000e+00   1.07900000e+02   1.86700000e+02   6.84000000e+01
   5.67000000e+01   3.25200000e+03   1.00000000e+00   0.00000000e+00
   1.52000000e+02   4.00000000e+00   3.70000000e+00   3.52000000e+00
   2.10000000e+01   9.50000000e+01   4.15000000e+03   2.80000000e+01
   0.00000000e+00]
[  0.00000000e+00   1.61000000e+02   1.00000000e+01   0.00000000e+00
   1.00000000e+00   0.00000000e+00   0.00000000e+00   2.00000000e+00
   0.00000000e+00   1.08000000e+02   1.86700000e+02   6.83000000e+01
   5.60000000e+01   3.13000000e+03   1.00000000e+00   0.00000000e+00
   1.34000000e+02   0.00000000e+00   3.61000000e+00   3.21000000e+00
   7.00000000e+00   1.42000000e+02   5.60000000e+03   1.80000000e+01
   0.00000000e+00]
[  1.00000000e+00   1.19000000e+02   1.10000000e+01   0.00000000e+00
   0.00000000e+00   1.00000000e+00   1.00000000e+00   0.00000000e+00
   0.00000000e+00   9.37000000e+01   1.57300000e+02   6.38000000e+01
   5.08000000e+01   1.91800000e+03   0.00000000e+00   0.00000000e+00
   9.00000000e+01   1.00000000e+00   2.97000000e+00   3.23000000e+00
   9.40000000e+00   6.80000000e+01   5.50000000e+03   3.70000000e+01
   0.00000000e+00]
[  1.00000000e+00   1.19000000e+02   1.10000000e+01   0.00000000e+00
   1.00000000e+00   1.00000000e+00   1.00000000e+00   0.00000000e+00
   0.00000000e+00   9.37000000e+01   1.57300000e+02   6.38000000e+01
   5.08000000e+01   2.12800000e+03   0.00000000e+00   0.00000000e+00
   9.80000000e+01   5.00000000e+00   3.03000000e+00   3.39000000e+00
   7.60000000e+00   1.02000000e+02   5.50000000e+03   2.40000000e+01
   0.00000000e+00]
[  1.00000000e+00   1.54000000e+02   1.10000000e+01   0.00000000e+00
   0.00000000e+00   0.00000000e+00   1.00000000e+00   0.00000000e+00
   0.00000000e+00   9.37000000e+01   1.57300000e+02   6.38000000e+01
   5.06000000e+01   1.96700000e+03   0.00000000e+00   0.00000000e+00
   9.00000000e+01   1.00000000e+00   2.97000000e+00   3.23000000e+00
   9.40000000e+00   6.80000000e+01   5.50000000e+03   3.10000000e+01
   0.00000000e+00]
[  1.00000000e+00   1.54000000e+02   1.10000000e+01   0.00000000e+00
   0.00000000e+00   0.00000000e+00   0.00000000e+00   0.00000000e+00
   0.00000000e+00   9.37000000e+01   1.67300000e+02   6.38000000e+01
   5.08000000e+01   1.98900000e+03   0.00000000e+00   0.00000000e+00
   9.00000000e+01   1.00000000e+00   2.97000000e+00   3.23000000e+00
   9.40000000e+00   6.80000000e+01   5.50000000e+03   3.10000000e+01
   0.00000000e+00]
[  1.00000000e+00   1.54000000e+02   1.10000000e+01   0.00000000e+00
   0.00000000e+00   0.00000000e+00   0.00000000e+00   0.00000000e+00
   0.00000000e+00   9.37000000e+01   1.67300000e+02   6.38000000e+01
   5.08000000e+01   2.19100000e+03   0.00000000e+00   0.00000000e+00
   9.80000000e+01   1.00000000e+00   2.97000000e+00   3.23000000e+00
   9.40000000e+00   6.80000000e+01   5.50000000e+03   3.10000000e+01
   0.00000000e+00]
[ -1.00000000e+00   7.40000000e+01   1.10000000e+01   0.00000000e+00
   0.00000000e+00   0.00000000e+00   2.00000000e+00   0.00000000e+00
   0.00000000e+00   1.03300000e+02   1.74600000e+02   6.46000000e+01
   5.98000000e+01   2.53500000e+03   0.00000000e+00   0.00000000e+00
   1.22000000e+02   1.00000000e+00   3.35000000e+00   3.46000000e+00
   8.50000000e+00   8.80000000e+01   5.00000000e+03   2.40000000e+01
   0.00000000e+00]
[  3.00000000e+00   1.86000000e+02   1.20000000e+01   0.00000000e+00
   0.00000000e+00   1.00000000e+00   1.00000000e+00   2.00000000e+00
   0.00000000e+00   9.45000000e+01   1.68900000e+02   6.83000000e+01
   5.02000000e+01   2.77800000e+03   0.00000000e+00   0.00000000e+00
   1.51000000e+02   0.00000000e+00   3.94000000e+00   3.11000000e+00
   9.50000000e+00   1.43000000e+02   5.50000000e+03   1.90000000e+01
   0.00000000e+00]
[  3.00000000e+00   1.50000000e+02   1.30000000e+01   0.00000000e+00
   0.00000000e+00   1.00000000e+00   1.00000000e+00   0.00000000e+00
   0.00000000e+00   9.91000000e+01   1.86600000e+02   6.65000000e+01
   5.61000000e+01   2.65800000e+03   0.00000000e+00   0.00000000e+00
   1.21000000e+02   0.00000000e+00   3.54000000e+00   3.07000000e+00
   9.31000000e+00   1.10000000e+02   5.25000000e+03   2.10000000e+01
   0.00000000e+00]
[  2.00000000e+00   1.04000000e+02   1.30000000e+01   0.00000000e+00
   0.00000000e+00   0.00000000e+00   0.00000000e+00   0.00000000e+00
   0.00000000e+00   9.91000000e+01   1.86600000e+02   6.65000000e+01
   5.61000000e+01   2.69500000e+03   0.00000000e+00   0.00000000e+00
   1.21000000e+02   0.00000000e+00   3.54000000e+00   3.07000000e+00
   9.30000000e+00   1.10000000e+02   5.25000000e+03   2.10000000e+01
   0.00000000e+00]
[  3.00000000e+00   1.50000000e+02   1.30000000e+01   0.00000000e+00
   0.00000000e+00   1.00000000e+00   1.00000000e+00   0.00000000e+00
   0.00000000e+00   9.91000000e+01   1.86600000e+02   6.65000000e+01
   5.61000000e+01   2.70700000e+03   0.00000000e+00   0.00000000e+00
   1.21000000e+02   0.00000000e+00   2.54000000e+00   2.07000000e+00
   9.30000000e+00   1.10000000e+02   5.25000000e+03   2.10000000e+01
   0.00000000e+00]
[  2.00000000e+00   1.04000000e+02   1.30000000e+01   0.00000000e+00
   0.00000000e+00   0.00000000e+00   0.00000000e+00   0.00000000e+00
   0.00000000e+00   9.91000000e+01   1.86600000e+02   6.65000000e+01
   5.61000000e+01   2.75800000e+03   0.00000000e+00   0.00000000e+00
   1.21000000e+02   0.00000000e+00   3.54000000e+00   3.07000000e+00
   9.30000000e+00   1.10000000e+02   5.25000000e+03   2.10000000e+01
   0.00000000e+00]
[  3.00000000e+00   1.50000000e+02   1.30000000e+01   0.00000000e+00
   1.00000000e+00   1.00000000e+00   1.00000000e+00   0.00000000e+00
   0.00000000e+00   9.91000000e+01   1.86600000e+02   6.65000000e+01
   5.61000000e+01   2.80800000e+03   2.00000000e+00   0.00000000e+00
   1.21000000e+02   0.00000000e+00   3.54000000e+00   3.07000000e+00
   9.00000000e+00   1.60000000e+02   5.50000000e+03   1.90000000e+01
   0.00000000e+00]
[  2.00000000e+00   1.04000000e+02   1.30000000e+01   0.00000000e+00
   1.00000000e+00   0.00000000e+00   0.00000000e+00   0.00000000e+00
   0.00000000e+00   9.91000000e+01   1.86600000e+02   6.65000000e+01
   5.61000000e+01   2.84700000e+03   2.00000000e+00   0.00000000e+00
   1.21000000e+02   0.00000000e+00   3.54000000e+00   3.07000000e+00
   9.00000000e+00   1.60000000e+02   5.50000000e+03   1.90000000e+01
   0.00000000e+00]
[  2.00000000e+00   8.30000000e+01   1.40000000e+01   0.00000000e+00
   0.00000000e+00   1.00000000e+00   1.00000000e+00   0.00000000e+00
   0.00000000e+00   9.37000000e+01   1.56900000e+02   6.34000000e+01
   5.37000000e+01   2.05000000e+03   4.00000000e+00   0.00000000e+00
   9.70000000e+01   1.00000000e+00   3.62000000e+00   2.36000000e+00
   9.00000000e+00   6.90000000e+01   4.90000000e+03   3.10000000e+01
   0.00000000e+00]
[  2.00000000e+00   8.30000000e+01   1.40000000e+01   0.00000000e+00
   0.00000000e+00   1.00000000e+00   1.00000000e+00   0.00000000e+00
   0.00000000e+00   9.37000000e+01   1.57900000e+02   6.36000000e+01
   5.37000000e+01   2.12000000e+03   4.00000000e+00   0.00000000e+00
   1.08000000e+02   1.00000000e+00   3.62000000e+00   2.64000000e+00
   8.70000000e+00   7.30000000e+01   4.40000000e+03   2.60000000e+01
   0.00000000e+00]
[  2.00000000e+00   8.30000000e+01   1.40000000e+01   0.00000000e+00
   0.00000000e+00   1.00000000e+00   1.00000000e+00   1.00000000e+00
   0.00000000e+00   9.33000000e+01   1.57300000e+02   6.38000000e+01
   5.57000000e+01   2.24000000e+03   4.00000000e+00   0.00000000e+00
   1.08000000e+02   1.00000000e+00   3.62000000e+00   2.64000000e+00
   8.70000000e+00   7.30000000e+01   4.40000000e+03   2.60000000e+01
   0.00000000e+00]
[  0.00000000e+00   1.02000000e+02   1.40000000e+01   0.00000000e+00
   0.00000000e+00   0.00000000e+00   0.00000000e+00   0.00000000e+00
   0.00000000e+00   9.72000000e+01   1.72000000e+02   6.54000000e+01
   5.25000000e+01   2.14500000e+03   4.00000000e+00   0.00000000e+00
   1.08000000e+02   1.00000000e+00   3.62000000e+00   2.64000000e+00
   9.50000000e+00   8.20000000e+01   4.80000000e+03   3.20000000e+01
   0.00000000e+00]
[  0.00000000e+00   1.02000000e+02   1.40000000e+01   0.00000000e+00
   0.00000000e+00   0.00000000e+00   0.00000000e+00   0.00000000e+00
   0.00000000e+00   9.72000000e+01   1.72000000e+02   6.54000000e+01
   5.25000000e+01   2.19000000e+03   4.00000000e+00   0.00000000e+00
   1.08000000e+02   1.00000000e+00   3.62000000e+00   2.64000000e+00
   9.50000000e+00   8.20000000e+01   4.40000000e+03   2.80000000e+01
   0.00000000e+00]
[  0.00000000e+00   1.02000000e+02   1.40000000e+01   0.00000000e+00
   0.00000000e+00   0.00000000e+00   0.00000000e+00   0.00000000e+00
   0.00000000e+00   9.72000000e+01   1.72000000e+02   6.54000000e+01
   5.25000000e+01   2.34000000e+03   4.00000000e+00   0.00000000e+00
   1.08000000e+02   0.00000000e+00   3.62000000e+00   2.64000000e+00
   9.00000000e+00   9.40000000e+01   5.20000000e+03   2.60000000e+01
   0.00000000e+00]
[  0.00000000e+00   1.02000000e+02   1.40000000e+01   0.00000000e+00
   0.00000000e+00   0.00000000e+00   0.00000000e+00   1.00000000e+00
   0.00000000e+00   9.70000000e+01   1.72000000e+02   6.54000000e+01
   5.43000000e+01   2.38500000e+03   4.00000000e+00   0.00000000e+00
   1.08000000e+02   1.00000000e+00   3.62000000e+00   2.64000000e+00
   9.00000000e+00   8.20000000e+01   4.80000000e+03   2.40000000e+01
   0.00000000e+00]
[  0.00000000e+00   1.02000000e+02   1.40000000e+01   0.00000000e+00
   1.00000000e+00   0.00000000e+00   0.00000000e+00   1.00000000e+00
   0.00000000e+00   9.70000000e+01   1.72000000e+02   6.54000000e+01
   5.43000000e+01   2.51000000e+03   4.00000000e+00   0.00000000e+00
   1.08000000e+02   0.00000000e+00   3.62000000e+00   2.64000000e+00
   7.70000000e+00   1.11000000e+02   4.80000000e+03   2.40000000e+01
   0.00000000e+00]
[  0.00000000e+00   8.90000000e+01   1.40000000e+01   0.00000000e+00
   0.00000000e+00   0.00000000e+00   2.00000000e+00   0.00000000e+00
   0.00000000e+00   9.70000000e+01   1.73500000e+02   6.54000000e+01
   5.30000000e+01   2.29000000e+03   4.00000000e+00   0.00000000e+00
   1.08000000e+02   1.00000000e+00   3.62000000e+00   2.64000000e+00
   9.00000000e+00   8.20000000e+01   4.80000000e+03   2.80000000e+01
   0.00000000e+00]
[  0.00000000e+00   8.90000000e+01   1.40000000e+01   0.00000000e+00
   0.00000000e+00   0.00000000e+00   2.00000000e+00   0.00000000e+00
   0.00000000e+00   9.70000000e+01   1.73500000e+02   6.54000000e+01
   5.30000000e+01   2.45500000e+03   4.00000000e+00   0.00000000e+00
   1.08000000e+02   0.00000000e+00   3.62000000e+00   2.64000000e+00
   9.00000000e+00   9.40000000e+01   5.20000000e+03   2.50000000e+01
   0.00000000e+00]
[  0.00000000e+00   8.50000000e+01   1.40000000e+01   0.00000000e+00
   0.00000000e+00   0.00000000e+00   2.00000000e+00   1.00000000e+00
   0.00000000e+00   9.69000000e+01   1.73600000e+02   6.54000000e+01
   5.49000000e+01   2.42000000e+03   4.00000000e+00   0.00000000e+00
   1.08000000e+02   1.00000000e+00   3.62000000e+00   2.64000000e+00
   9.00000000e+00   8.20000000e+01   4.80000000e+03   2.30000000e+01
   0.00000000e+00]
[  0.00000000e+00   8.50000000e+01   1.40000000e+01   0.00000000e+00
   1.00000000e+00   0.00000000e+00   2.00000000e+00   1.00000000e+00
   0.00000000e+00   9.69000000e+01   1.73600000e+02   6.54000000e+01
   5.49000000e+01   2.65000000e+03   4.00000000e+00   0.00000000e+00
   1.08000000e+02   0.00000000e+00   3.62000000e+00   2.64000000e+00
   7.70000000e+00   1.11000000e+02   4.80000000e+03   2.30000000e+01
   0.00000000e+00]
[  1.00000000e+00   8.70000000e+01   1.50000000e+01   0.00000000e+00
   0.00000000e+00   1.00000000e+00   1.00000000e+00   0.00000000e+00
   0.00000000e+00   9.57000000e+01   1.58700000e+02   6.36000000e+01
   5.45000000e+01   1.98500000e+03   0.00000000e+00   0.00000000e+00
   9.20000000e+01   1.00000000e+00   3.05000000e+00   3.03000000e+00
   9.00000000e+00   6.20000000e+01   4.80000000e+03   3.50000000e+01
   0.00000000e+00]
[  1.00000000e+00   8.70000000e+01   1.50000000e+01   0.00000000e+00
   0.00000000e+00   1.00000000e+00   1.00000000e+00   0.00000000e+00
   0.00000000e+00   9.57000000e+01   1.58700000e+02   6.36000000e+01
   5.45000000e+01   2.04000000e+03   0.00000000e+00   0.00000000e+00
   9.20000000e+01   1.00000000e+00   3.05000000e+00   3.03000000e+00
   9.00000000e+00   6.20000000e+01   4.80000000e+03   3.10000000e+01
   0.00000000e+00]
[  1.00000000e+00   7.40000000e+01   1.50000000e+01   0.00000000e+00
   0.00000000e+00   0.00000000e+00   1.00000000e+00   0.00000000e+00
   0.00000000e+00   9.57000000e+01   1.58700000e+02   6.36000000e+01
   5.45000000e+01   2.01500000e+03   0.00000000e+00   0.00000000e+00
   9.20000000e+01   1.00000000e+00   3.05000000e+00   3.03000000e+00
   9.00000000e+00   6.20000000e+01   4.80000000e+03   3.10000000e+01
   0.00000000e+00]
[  0.00000000e+00   7.70000000e+01   1.50000000e+01   0.00000000e+00
   0.00000000e+00   0.00000000e+00   2.00000000e+00   0.00000000e+00
   0.00000000e+00   9.57000000e+01   1.69700000e+02   6.36000000e+01
   5.91000000e+01   2.28000000e+03   0.00000000e+00   0.00000000e+00
   9.20000000e+01   1.00000000e+00   3.05000000e+00   3.03000000e+00
   9.00000000e+00   6.20000000e+01   4.80000000e+03   3.10000000e+01
   0.00000000e+00]
[  0.00000000e+00   8.10000000e+01   1.50000000e+01   0.00000000e+00
   0.00000000e+00   0.00000000e+00   2.00000000e+00   1.00000000e+00
   0.00000000e+00   9.57000000e+01   1.69700000e+02   6.36000000e+01
   5.91000000e+01   2.29000000e+03   0.00000000e+00   0.00000000e+00
   9.20000000e+01   1.00000000e+00   3.05000000e+00   3.03000000e+00
   9.00000000e+00   6.20000000e+01   4.80000000e+03   2.70000000e+01
   0.00000000e+00]
[  0.00000000e+00   9.10000000e+01   1.50000000e+01   0.00000000e+00
   0.00000000e+00   0.00000000e+00   2.00000000e+00   1.00000000e+00
   0.00000000e+00   9.57000000e+01   1.69700000e+02   6.36000000e+01
   5.91000000e+01   3.11000000e+03   0.00000000e+00   0.00000000e+00
   9.20000000e+01   1.00000000e+00   3.05000000e+00   3.03000000e+00
   9.00000000e+00   6.20000000e+01   4.80000000e+03   2.70000000e+01
   0.00000000e+00]
[  0.00000000e+00   9.10000000e+01   1.50000000e+01   0.00000000e+00
   0.00000000e+00   0.00000000e+00   0.00000000e+00   0.00000000e+00
   0.00000000e+00   9.57000000e+01   1.66300000e+02   6.44000000e+01
   5.30000000e+01   2.08100000e+03   0.00000000e+00   0.00000000e+00
   9.80000000e+01   1.00000000e+00   3.19000000e+00   3.03000000e+00
   9.00000000e+00   7.00000000e+01   4.80000000e+03   3.00000000e+01
   0.00000000e+00]
[  0.00000000e+00   9.10000000e+01   1.50000000e+01   0.00000000e+00
   0.00000000e+00   0.00000000e+00   1.00000000e+00   0.00000000e+00
   0.00000000e+00   9.57000000e+01   1.66300000e+02   6.44000000e+01
   5.28000000e+01   2.10900000e+03   0.00000000e+00   0.00000000e+00
   9.80000000e+01   1.00000000e+00   3.19000000e+00   3.03000000e+00
   9.00000000e+00   7.00000000e+01   4.80000000e+03   3.00000000e+01
   0.00000000e+00]
[  0.00000000e+00   9.10000000e+01   1.50000000e+01   1.00000000e+00
   0.00000000e+00   0.00000000e+00   0.00000000e+00   0.00000000e+00
   0.00000000e+00   9.57000000e+01   1.66300000e+02   6.44000000e+01
   5.30000000e+01   2.27500000e+03   0.00000000e+00   0.00000000e+00
   1.10000000e+02   4.00000000e+00   3.27000000e+00   3.35000000e+00
   2.25000000e+01   5.60000000e+01   4.50000000e+03   3.40000000e+01
   0.00000000e+00]
[  0.00000000e+00   9.10000000e+01   1.50000000e+01   1.00000000e+00
   0.00000000e+00   0.00000000e+00   1.00000000e+00   0.00000000e+00
   0.00000000e+00   9.57000000e+01   1.66300000e+02   6.44000000e+01
   5.28000000e+01   2.27500000e+03   0.00000000e+00   0.00000000e+00
   1.10000000e+02   4.00000000e+00   3.27000000e+00   3.35000000e+00
   2.25000000e+01   5.60000000e+01   4.50000000e+03   3.80000000e+01
   0.00000000e+00]
[  0.00000000e+00   9.10000000e+01   1.50000000e+01   0.00000000e+00
   0.00000000e+00   0.00000000e+00   0.00000000e+00   0.00000000e+00
   0.00000000e+00   9.57000000e+01   1.66300000e+02   6.44000000e+01
   5.30000000e+01   2.09400000e+03   0.00000000e+00   0.00000000e+00
   9.80000000e+01   1.00000000e+00   3.19000000e+00   3.03000000e+00
   9.00000000e+00   7.00000000e+01   4.80000000e+03   3.80000000e+01
   0.00000000e+00]
[  0.00000000e+00   9.10000000e+01   1.50000000e+01   0.00000000e+00
   0.00000000e+00   0.00000000e+00   1.00000000e+00   0.00000000e+00
   0.00000000e+00   9.57000000e+01   1.66300000e+02   6.44000000e+01
   5.28000000e+01   2.12200000e+03   0.00000000e+00   0.00000000e+00
   9.80000000e+01   1.00000000e+00   3.19000000e+00   3.03000000e+00
   9.00000000e+00   7.00000000e+01   4.80000000e+03   2.80000000e+01
   0.00000000e+00]
[  0.00000000e+00   9.10000000e+01   1.50000000e+01   0.00000000e+00
   0.00000000e+00   0.00000000e+00   0.00000000e+00   0.00000000e+00
   0.00000000e+00   9.57000000e+01   1.66300000e+02   6.44000000e+01
   5.28000000e+01   2.14000000e+03   0.00000000e+00   0.00000000e+00
   9.80000000e+01   1.00000000e+00   3.19000000e+00   3.03000000e+00
   9.00000000e+00   7.00000000e+01   4.80000000e+03   2.80000000e+01
   0.00000000e+00]
[  1.00000000e+00   1.68000000e+02   1.50000000e+01   0.00000000e+00
   0.00000000e+00   1.00000000e+00   0.00000000e+00   2.00000000e+00
   0.00000000e+00   9.45000000e+01   1.68700000e+02   6.40000000e+01
   5.26000000e+01   2.16900000e+03   0.00000000e+00   0.00000000e+00
   9.80000000e+01   1.00000000e+00   3.19000000e+00   3.03000000e+00
   9.00000000e+00   7.00000000e+01   4.80000000e+03   2.90000000e+01
   0.00000000e+00]
[  1.00000000e+00   1.68000000e+02   1.50000000e+01   0.00000000e+00
   0.00000000e+00   1.00000000e+00   1.00000000e+00   2.00000000e+00
   0.00000000e+00   9.45000000e+01   1.68700000e+02   6.40000000e+01
   5.26000000e+01   2.20400000e+03   0.00000000e+00   0.00000000e+00
   9.80000000e+01   1.00000000e+00   3.19000000e+00   3.03000000e+00
   9.00000000e+00   7.00000000e+01   4.80000000e+03   2.90000000e+01
   0.00000000e+00]
[  1.00000000e+00   1.68000000e+02   1.50000000e+01   0.00000000e+00
   0.00000000e+00   1.00000000e+00   0.00000000e+00   2.00000000e+00
   0.00000000e+00   9.45000000e+01   1.68700000e+02   6.40000000e+01
   5.26000000e+01   2.26500000e+03   2.00000000e+00   0.00000000e+00
   9.80000000e+01   0.00000000e+00   3.24000000e+00   3.08000000e+00
   9.40000000e+00   1.12000000e+02   6.60000000e+03   2.60000000e+01
   0.00000000e+00]
[  1.00000000e+00   1.68000000e+02   1.50000000e+01   0.00000000e+00
   0.00000000e+00   1.00000000e+00   1.00000000e+00   2.00000000e+00
   0.00000000e+00   9.45000000e+01   1.68700000e+02   6.40000000e+01
   5.26000000e+01   2.30000000e+03   2.00000000e+00   0.00000000e+00
   9.80000000e+01   0.00000000e+00   3.24000000e+00   3.08000000e+00
   9.40000000e+00   1.12000000e+02   6.60000000e+03   2.60000000e+01
   0.00000000e+00]
[  2.00000000e+00   1.34000000e+02   1.50000000e+01   0.00000000e+00
   0.00000000e+00   1.00000000e+00   3.00000000e+00   2.00000000e+00
   0.00000000e+00   9.84000000e+01   1.76200000e+02   6.56000000e+01
   5.20000000e+01   2.54000000e+03   0.00000000e+00   0.00000000e+00
   1.46000000e+02   0.00000000e+00   3.62000000e+00   3.50000000e+00
   9.30000000e+00   1.16000000e+02   4.80000000e+03   2.40000000e+01
   0.00000000e+00]
[  2.00000000e+00   1.34000000e+02   1.50000000e+01   0.00000000e+00
   0.00000000e+00   1.00000000e+00   3.00000000e+00   2.00000000e+00
   0.00000000e+00   9.84000000e+01   1.76200000e+02   6.56000000e+01
   5.20000000e+01   2.53600000e+03   0.00000000e+00   0.00000000e+00
   1.46000000e+02   0.00000000e+00   3.62000000e+00   3.50000000e+00
   9.30000000e+00   1.16000000e+02   4.80000000e+03   2.40000000e+01
   0.00000000e+00]
[  2.00000000e+00   1.34000000e+02   1.50000000e+01   0.00000000e+00
   0.00000000e+00   1.00000000e+00   1.00000000e+00   2.00000000e+00
   0.00000000e+00   9.84000000e+01   1.76200000e+02   6.56000000e+01
   5.20000000e+01   2.55100000e+03   0.00000000e+00   0.00000000e+00
   1.46000000e+02   0.00000000e+00   3.62000000e+00   3.50000000e+00
   9.30000000e+00   1.16000000e+02   4.80000000e+03   2.40000000e+01
   0.00000000e+00]
[  2.00000000e+00   1.34000000e+02   1.50000000e+01   0.00000000e+00
   0.00000000e+00   1.00000000e+00   3.00000000e+00   2.00000000e+00
   0.00000000e+00   9.84000000e+01   1.76200000e+02   6.56000000e+01
   5.20000000e+01   2.67900000e+03   0.00000000e+00   0.00000000e+00
   1.46000000e+02   0.00000000e+00   3.62000000e+00   3.50000000e+00
   9.30000000e+00   1.16000000e+02   4.80000000e+03   2.40000000e+01
   0.00000000e+00]
[  2.00000000e+00   1.34000000e+02   1.50000000e+01   0.00000000e+00
   0.00000000e+00   1.00000000e+00   1.00000000e+00   2.00000000e+00
   0.00000000e+00   9.84000000e+01   1.76200000e+02   6.56000000e+01
   5.20000000e+01   2.71400000e+03   0.00000000e+00   0.00000000e+00
   1.46000000e+02   0.00000000e+00   3.62000000e+00   3.50000000e+00
   9.30000000e+00   1.16000000e+02   4.80000000e+03   2.40000000e+01
   0.00000000e+00]
[  2.00000000e+00   1.34000000e+02   1.50000000e+01   0.00000000e+00
   0.00000000e+00   1.00000000e+00   4.00000000e+00   2.00000000e+00
   0.00000000e+00   9.84000000e+01   1.76200000e+02   6.56000000e+01
   5.30000000e+01   2.97500000e+03   0.00000000e+00   0.00000000e+00
   1.46000000e+02   0.00000000e+00   3.62000000e+00   3.50000000e+00
   9.30000000e+00   1.16000000e+02   4.80000000e+03   2.40000000e+01
   0.00000000e+00]
[ -1.00000000e+00   6.50000000e+01   1.50000000e+01   0.00000000e+00
   0.00000000e+00   0.00000000e+00   0.00000000e+00   0.00000000e+00
   0.00000000e+00   1.02400000e+02   1.75600000e+02   6.65000000e+01
   5.49000000e+01   2.32600000e+03   0.00000000e+00   0.00000000e+00
   1.22000000e+02   0.00000000e+00   3.31000000e+00   3.54000000e+00
   8.70000000e+00   9.20000000e+01   4.20000000e+03   2.90000000e+01
   0.00000000e+00]
[ -1.00000000e+00   6.50000000e+01   1.50000000e+01   1.00000000e+00
   1.00000000e+00   0.00000000e+00   0.00000000e+00   0.00000000e+00
   0.00000000e+00   1.02400000e+02   1.75600000e+02   6.65000000e+01
   5.49000000e+01   2.48000000e+03   0.00000000e+00   0.00000000e+00
   1.10000000e+02   4.00000000e+00   3.27000000e+00   3.35000000e+00
   2.25000000e+01   7.30000000e+01   4.50000000e+03   3.00000000e+01
   0.00000000e+00]
[ -1.00000000e+00   6.50000000e+01   1.50000000e+01   0.00000000e+00
   0.00000000e+00   0.00000000e+00   1.00000000e+00   0.00000000e+00
   0.00000000e+00   1.02400000e+02   1.75600000e+02   6.65000000e+01
   5.39000000e+01   2.41400000e+03   0.00000000e+00   0.00000000e+00
   1.22000000e+02   0.00000000e+00   3.31000000e+00   3.54000000e+00
   8.70000000e+00   9.20000000e+01   4.20000000e+03   2.70000000e+01
   0.00000000e+00]
[ -1.00000000e+00   6.50000000e+01   1.50000000e+01   0.00000000e+00
   0.00000000e+00   0.00000000e+00   0.00000000e+00   0.00000000e+00
   0.00000000e+00   1.02400000e+02   1.75600000e+02   6.65000000e+01
   5.49000000e+01   2.41400000e+03   0.00000000e+00   0.00000000e+00
   1.22000000e+02   0.00000000e+00   3.31000000e+00   3.54000000e+00
   8.70000000e+00   9.20000000e+01   4.20000000e+03   2.70000000e+01
   0.00000000e+00]
[ -1.00000000e+00   6.50000000e+01   1.50000000e+01   0.00000000e+00
   0.00000000e+00   0.00000000e+00   1.00000000e+00   0.00000000e+00
   0.00000000e+00   1.02400000e+02   1.75600000e+02   6.65000000e+01
   5.39000000e+01   2.45800000e+03   0.00000000e+00   0.00000000e+00
   1.22000000e+02   0.00000000e+00   3.31000000e+00   3.54000000e+00
   8.70000000e+00   9.20000000e+01   4.20000000e+03   2.70000000e+01
   0.00000000e+00]
[  3.00000000e+00   1.97000000e+02   1.50000000e+01   0.00000000e+00
   0.00000000e+00   1.00000000e+00   1.00000000e+00   2.00000000e+00
   0.00000000e+00   1.02900000e+02   1.83500000e+02   6.77000000e+01
   5.20000000e+01   2.97600000e+03   2.00000000e+00   2.00000000e+00
   1.71000000e+02   0.00000000e+00   3.27000000e+00   3.35000000e+00
   9.30000000e+00   1.61000000e+02   5.20000000e+03   2.00000000e+01
   0.00000000e+00]
[  3.00000000e+00   1.97000000e+02   1.50000000e+01   0.00000000e+00
   0.00000000e+00   1.00000000e+00   1.00000000e+00   2.00000000e+00
   0.00000000e+00   1.02900000e+02   1.83500000e+02   6.77000000e+01
   5.20000000e+01   3.01600000e+03   2.00000000e+00   2.00000000e+00
   1.71000000e+02   0.00000000e+00   3.27000000e+00   3.35000000e+00
   9.30000000e+00   1.61000000e+02   5.20000000e+03   1.90000000e+01
   0.00000000e+00]
[ -1.00000000e+00   9.00000000e+01   1.50000000e+01   0.00000000e+00
   0.00000000e+00   0.00000000e+00   0.00000000e+00   2.00000000e+00
   0.00000000e+00   1.04500000e+02   1.87800000e+02   6.65000000e+01
   5.41000000e+01   3.13100000e+03   2.00000000e+00   2.00000000e+00
   1.71000000e+02   0.00000000e+00   3.27000000e+00   3.35000000e+00
   9.20000000e+00   1.56000000e+02   5.20000000e+03   2.00000000e+01
   0.00000000e+00]
[  2.00000000e+00   1.22000000e+02   1.60000000e+01   1.00000000e+00
   0.00000000e+00   1.00000000e+00   0.00000000e+00   0.00000000e+00
   0.00000000e+00   9.73000000e+01   1.71700000e+02   6.55000000e+01
   5.57000000e+01   2.26100000e+03   0.00000000e+00   0.00000000e+00
   9.70000000e+01   4.00000000e+00   3.01000000e+00   3.40000000e+00
   2.30000000e+01   5.20000000e+01   4.80000000e+03   3.70000000e+01
   0.00000000e+00]
[  2.00000000e+00   1.22000000e+02   1.60000000e+01   0.00000000e+00
   0.00000000e+00   1.00000000e+00   0.00000000e+00   0.00000000e+00
   0.00000000e+00   9.73000000e+01   1.71700000e+02   6.55000000e+01
   5.57000000e+01   2.20900000e+03   0.00000000e+00   0.00000000e+00
   1.09000000e+02   0.00000000e+00   3.19000000e+00   3.40000000e+00
   9.00000000e+00   8.50000000e+01   5.25000000e+03   2.70000000e+01
   0.00000000e+00]
[  2.00000000e+00   9.40000000e+01   1.60000000e+01   1.00000000e+00
   0.00000000e+00   0.00000000e+00   0.00000000e+00   0.00000000e+00
   0.00000000e+00   9.73000000e+01   1.71700000e+02   6.55000000e+01
   5.57000000e+01   2.26400000e+03   0.00000000e+00   0.00000000e+00
   9.70000000e+01   4.00000000e+00   3.01000000e+00   3.40000000e+00
   2.30000000e+01   5.20000000e+01   4.80000000e+03   3.70000000e+01
   0.00000000e+00]
[  2.00000000e+00   9.40000000e+01   1.60000000e+01   0.00000000e+00
   0.00000000e+00   0.00000000e+00   0.00000000e+00   0.00000000e+00
   0.00000000e+00   9.73000000e+01   1.71700000e+02   6.55000000e+01
   5.57000000e+01   2.21200000e+03   0.00000000e+00   0.00000000e+00
   1.09000000e+02   0.00000000e+00   3.19000000e+00   3.40000000e+00
   9.00000000e+00   8.50000000e+01   5.25000000e+03   2.70000000e+01
   0.00000000e+00]
[  2.00000000e+00   9.40000000e+01   1.60000000e+01   0.00000000e+00
   0.00000000e+00   0.00000000e+00   0.00000000e+00   0.00000000e+00
   0.00000000e+00   9.73000000e+01   1.71700000e+02   6.55000000e+01
   5.57000000e+01   2.27500000e+03   0.00000000e+00   0.00000000e+00
   1.09000000e+02   0.00000000e+00   3.19000000e+00   3.40000000e+00
   9.00000000e+00   8.50000000e+01   5.25000000e+03   2.70000000e+01
   0.00000000e+00]
[  2.00000000e+00   9.40000000e+01   1.60000000e+01   1.00000000e+00
   1.00000000e+00   0.00000000e+00   0.00000000e+00   0.00000000e+00
   0.00000000e+00   9.73000000e+01   1.71700000e+02   6.55000000e+01
   5.57000000e+01   2.31900000e+03   0.00000000e+00   0.00000000e+00
   9.70000000e+01   4.00000000e+00   3.01000000e+00   3.40000000e+00
   2.30000000e+01   6.80000000e+01   4.50000000e+03   3.70000000e+01
   0.00000000e+00]
[  2.00000000e+00   9.40000000e+01   1.60000000e+01   0.00000000e+00
   0.00000000e+00   0.00000000e+00   0.00000000e+00   0.00000000e+00
   0.00000000e+00   9.73000000e+01   1.71700000e+02   6.55000000e+01
   5.57000000e+01   2.30000000e+03   0.00000000e+00   0.00000000e+00
   1.09000000e+02   0.00000000e+00   3.19000000e+00   3.40000000e+00
   1.00000000e+01   1.00000000e+02   5.50000000e+03   2.60000000e+01
   0.00000000e+00]
[  3.00000000e+00   2.56000000e+02   1.60000000e+01   0.00000000e+00
   0.00000000e+00   1.00000000e+00   1.00000000e+00   0.00000000e+00
   0.00000000e+00   9.45000000e+01   1.65700000e+02   6.40000000e+01
   5.14000000e+01   2.22100000e+03   0.00000000e+00   0.00000000e+00
   1.09000000e+02   0.00000000e+00   3.19000000e+00   3.40000000e+00
   8.50000000e+00   9.00000000e+01   5.50000000e+03   2.40000000e+01
   0.00000000e+00]
[ -2.00000000e+00   1.03000000e+02   1.70000000e+01   0.00000000e+00
   0.00000000e+00   0.00000000e+00   0.00000000e+00   2.00000000e+00
   0.00000000e+00   1.04300000e+02   1.88800000e+02   6.72000000e+01
   5.62000000e+01   2.91200000e+03   0.00000000e+00   0.00000000e+00
   1.41000000e+02   0.00000000e+00   3.78000000e+00   3.15000000e+00
   9.50000000e+00   1.14000000e+02   5.40000000e+03   2.30000000e+01
   0.00000000e+00]
[ -1.00000000e+00   7.40000000e+01   1.70000000e+01   0.00000000e+00
   0.00000000e+00   0.00000000e+00   2.00000000e+00   2.00000000e+00
   0.00000000e+00   1.04300000e+02   1.88800000e+02   6.72000000e+01
   5.75000000e+01   3.03400000e+03   0.00000000e+00   0.00000000e+00
   1.41000000e+02   0.00000000e+00   3.78000000e+00   3.15000000e+00
   9.50000000e+00   1.14000000e+02   5.40000000e+03   2.30000000e+01
   0.00000000e+00]
[ -2.00000000e+00   1.03000000e+02   1.70000000e+01   0.00000000e+00
   0.00000000e+00   0.00000000e+00   0.00000000e+00   2.00000000e+00
   0.00000000e+00   1.04300000e+02   1.88800000e+02   6.72000000e+01
   5.62000000e+01   2.93500000e+03   0.00000000e+00   0.00000000e+00
   1.41000000e+02   0.00000000e+00   3.78000000e+00   3.15000000e+00
   9.50000000e+00   1.14000000e+02   5.40000000e+03   2.40000000e+01
   0.00000000e+00]
[ -1.00000000e+00   7.40000000e+01   1.70000000e+01   0.00000000e+00
   0.00000000e+00   0.00000000e+00   2.00000000e+00   2.00000000e+00
   0.00000000e+00   1.04300000e+02   1.88800000e+02   6.72000000e+01
   5.75000000e+01   3.04200000e+03   0.00000000e+00   0.00000000e+00
   1.41000000e+02   0.00000000e+00   3.78000000e+00   3.15000000e+00
   9.50000000e+00   1.14000000e+02   5.40000000e+03   2.40000000e+01
   0.00000000e+00]
[ -2.00000000e+00   1.03000000e+02   1.70000000e+01   0.00000000e+00
   1.00000000e+00   0.00000000e+00   0.00000000e+00   2.00000000e+00
   0.00000000e+00   1.04300000e+02   1.88800000e+02   6.72000000e+01
   5.62000000e+01   3.04500000e+03   0.00000000e+00   0.00000000e+00
   1.30000000e+02   0.00000000e+00   3.62000000e+00   3.15000000e+00
   7.50000000e+00   1.62000000e+02   5.10000000e+03   1.70000000e+01
   0.00000000e+00]
[ -1.00000000e+00   7.40000000e+01   1.70000000e+01   0.00000000e+00
   1.00000000e+00   0.00000000e+00   2.00000000e+00   2.00000000e+00
   0.00000000e+00   1.04300000e+02   1.88800000e+02   6.72000000e+01
   5.75000000e+01   3.15700000e+03   0.00000000e+00   0.00000000e+00
   1.30000000e+02   0.00000000e+00   3.62000000e+00   3.15000000e+00
   7.50000000e+00   1.62000000e+02   5.10000000e+03   1.70000000e+01
   0.00000000e+00]
[ -1.00000000e+00   9.50000000e+01   1.70000000e+01   0.00000000e+00
   0.00000000e+00   0.00000000e+00   0.00000000e+00   2.00000000e+00
   0.00000000e+00   1.09100000e+02   1.88800000e+02   6.89000000e+01
   5.55000000e+01   2.95200000e+03   0.00000000e+00   0.00000000e+00
   1.41000000e+02   0.00000000e+00   3.78000000e+00   3.15000000e+00
   9.50000000e+00   1.14000000e+02   5.40000000e+03   2.30000000e+01
   0.00000000e+00]
[ -1.00000000e+00   9.50000000e+01   1.70000000e+01   0.00000000e+00
   1.00000000e+00   0.00000000e+00   0.00000000e+00   2.00000000e+00
   0.00000000e+00   1.09100000e+02   1.88800000e+02   6.88000000e+01
   5.55000000e+01   3.04900000e+03   0.00000000e+00   0.00000000e+00
   1.41000000e+02   0.00000000e+00   3.78000000e+00   3.15000000e+00
   8.70000000e+00   1.60000000e+02   5.30000000e+03   1.90000000e+01
   0.00000000e+00]
[ -1.00000000e+00   9.50000000e+01   1.70000000e+01   0.00000000e+00
   0.00000000e+00   0.00000000e+00   0.00000000e+00   2.00000000e+00
   0.00000000e+00   1.09100000e+02   1.88800000e+02   6.89000000e+01
   5.55000000e+01   3.01200000e+03   3.00000000e+00   2.00000000e+00
   1.73000000e+02   0.00000000e+00   3.58000000e+00   2.87000000e+00
   8.80000000e+00   1.34000000e+02   5.50000000e+03   1.80000000e+01
   0.00000000e+00]
[ -1.00000000e+00   9.50000000e+01   1.70000000e+01   1.00000000e+00
   1.00000000e+00   0.00000000e+00   0.00000000e+00   2.00000000e+00
   0.00000000e+00   1.09100000e+02   1.88800000e+02   6.89000000e+01
   5.55000000e+01   3.21700000e+03   0.00000000e+00   2.00000000e+00
   1.45000000e+02   4.00000000e+00   3.01000000e+00   3.40000000e+00
   2.30000000e+01   1.06000000e+02   4.80000000e+03   2.60000000e+01
   0.00000000e+00]
[ -1.00000000e+00   9.50000000e+01   1.70000000e+01   0.00000000e+00
   1.00000000e+00   0.00000000e+00   0.00000000e+00   2.00000000e+00
   0.00000000e+00   1.09100000e+02   1.88800000e+02   6.89000000e+01
   5.55000000e+01   3.06200000e+03   0.00000000e+00   0.00000000e+00
   1.41000000e+02   0.00000000e+00   3.78000000e+00   3.15000000e+00
   9.50000000e+00   1.14000000e+02   5.40000000e+03   1.90000000e+01
   0.00000000e+00]
